-0.0091286  -0.048858  -0.022202  
0.019686  -0.039246  -0.0020708  
0.045307  -0.059891  0.030851  
0.10541  -0.087941  0.0027707  
-0.011862  -0.028015  0.12972  
-0.12208  0.0026365  -0.0086437  
-0.085845  -0.032739  0.018991  
0.13637  -0.028021  0.034797  
0.096926  0.012689  -0.023439  
0.019511  0.042559  -0.09757  
-0.025157  0.044676  -0.014732  
-0.10845  -0.022696  -0.017589  
0.048933  -0.01902  0.011138  
0.0083418  0.023808  -0.098301  
0.08622  -0.022611  -0.027176  
0.010162  -0.015093  -0.043612  
0.0079212  0.031743  -0.043738  
0.10763  0.080676  0.051494  
-0.004126  0.031465  0.087892  
-0.048754  0.17952  -0.064612  
0.027631  0.0022762  0.045485  
-0.035802  -0.027207  -0.016581  
-0.059377  0.016672  0.069261  
0.12944  0.083175  -0.067126  
-0.0026399  -0.076325  0.10738  
0.026627  -0.0053891  -0.040729  
0.0038075  -0.052297  -0.047399  
0.010884  0.017659  0.040863  
0.041395  0.012282  -0.0075647  
-0.055962  -0.088323  0.031903  
0.066642  0.10825  0.013496  
0.030134  0.0072713  0.017007  
0.030649  -0.12366  0.063597  
-0.0085362  0.0086978  0.016276  
0.024746  0.01425  -0.10092  
-0.052847  0.070415  0.061893  
0.046419  0.016389  -0.0054612  
0.0059439  0.020637  -0.053665  
0.0461  -0.005513  0.027499  
0.042094  -0.018973  -0.046657  
0.073531  -0.070251  -0.028456  
0.041944  -0.0029753  0.062845  
0.10194  -0.013642  0.011513  
-0.023317  -0.0058436  -0.047921  
0.037589  -0.058847  -0.022896  
0.020639  0.019794  0.056032  
0.095649  0.10134  -0.040873  
-0.011901  -0.038362  0.015219  
0.060636  -0.098469  -0.0058617  
0.071844  0.054717  -0.034415  
-0.011342  -0.0072172  -0.0074434  
0.054456  -0.034258  -0.008764  
-0.06558  0.061046  0.084077  
-0.067837  -0.052553  0.011763  
-0.078813  -0.011769  0.061744  
0.033356  0.056865  -0.016625  
0.013978  -0.068961  -0.092017  
0.039661  -0.083702  0.073002  
0.056874  0.050745  -0.065205  
0.03895  0.097603  0.080132  
-0.024123  0.013453  0.067634  
-0.030342  -0.020181  0.017172  
-0.021746  0.047209  0.0028274  
-0.058353  -0.002352  -0.0073924  
0.087827  0.0039846  -0.017782  
-0.0083976  0.022661  -0.053719  
0.040469  0.006687  0.055415  
-0.058405  0.023562  -0.014783  
0.12507  0.052238  0.037894  
0.029006  0.046217  0.036025  
-0.054009  0.01928  0.025324  
0.019001  0.07182  -0.061756  
0.016244  -0.08429  -0.031566  
0.010682  0.021689  0.011437  
0.055645  0.048691  0.1149  
0.10101  0.051814  0.048578  
-0.16023  -0.022597  0.093645  
-0.12529  0.015588  0.053296  
-0.00036816  -0.040817  0.10953  
-0.018549  0.023246  0.0031221  
-0.020078  -0.1218  -0.045883  
-0.067236  0.0455  0.14546  
0.03803  0.027678  0.045779  
0.00044616  -0.12032  -0.022989  
-0.029716  0.050163  -0.038873  
-0.016845  -0.021003  -0.055775  
0.036183  -0.009879  0.00090482  
-0.015812  -0.016303  -0.045989  
0.010217  0.10283  -0.011429  
0.11432  0.074088  0.065223  
-0.039703  0.0038513  0.019984  
0.071293  0.018244  -0.031236  
0.056918  0.013108  0.044739  
-0.0095502  0.13998  0.090963  
0.063069  0.011617  0.017587  
-0.11027  0.0099067  0.027319  
0.10131  0.0017198  0.024536  
-0.080803  -0.045443  0.054354  
-0.0065828  -0.010758  -0.026708  
0.017875  0.023845  -0.03728  
